248
0.251021 0.566998
0.252667 0.535838
0.256155 0.504489
0.261680 0.473375
0.268877 0.442371
0.277092 0.411797
0.285687 0.381460
0.295545 0.351289
0.308217 0.322507
0.324445 0.295356
0.343487 0.270152
0.364644 0.246758
0.387807 0.224900
0.412306 0.204415
0.438687 0.186931
0.468612 0.175345
0.500658 0.171619
0.532269 0.175783
0.561240 0.188361
0.586307 0.207037
0.609203 0.228793
0.630763 0.251931
0.650444 0.276402
0.667848 0.302263
0.682654 0.328894
0.694070 0.356867
0.702819 0.387678
0.710539 0.418813
0.717889 0.449299
0.724002 0.479799
0.728417 0.510325
0.730906 0.541076
0.731821 0.571534
0.293890 0.597832
0.325619 0.622011
0.365702 0.626355
0.405808 0.619833
0.445015 0.608276
0.546808 0.608964
0.584804 0.620288
0.623843 0.626635
0.662926 0.622429
0.693261 0.598866
0.496672 0.535794
0.497087 0.492176
0.497527 0.447821
0.497895 0.404288
0.453293 0.373851
0.474240 0.370267
0.498066 0.366632
0.521073 0.370502
0.541240 0.374450
0.338523 0.537756
0.361142 0.552980
0.414796 0.545869
0.431494 0.523735
0.407273 0.518306
0.358120 0.522922
0.558994 0.523438
0.574815 0.545244
0.627557 0.553889
0.649872 0.538674
0.631326 0.523375
0.583005 0.518053
0.331185 0.601589
0.369473 0.601360
0.407161 0.595990
0.444118 0.588206
0.547946 0.589133
0.583778 0.596636
0.620338 0.601756
0.657412 0.602185
0.388678 0.555419
0.382268 0.516921
0.385910 0.537376
0.600226 0.555508
0.607674 0.516969
0.601121 0.537143
0.464008 0.529695
0.527911 0.529567
0.448686 0.427659
0.544509 0.427843
0.434541 0.395382
0.558955 0.395964
0.414997 0.310621
0.447166 0.320503
0.478439 0.328996
0.499248 0.324890
0.519781 0.329622
0.550260 0.322744
0.580419 0.313016
0.563986 0.281866
0.536484 0.259348
0.501495 0.251580
0.464477 0.258340
0.434610 0.279788
0.421013 0.309798
0.460499 0.311253
0.500074 0.309421
0.536947 0.312652
0.574398 0.312082
0.538103 0.299674
0.500108 0.292275
0.459358 0.298314
0.385910 0.537376
0.601121 0.537143
0.153343 0.839733
0.073478 0.358631
0.277719 0.045511
0.503421 -0.061051
0.720511 0.053298
0.907743 0.371068
0.827956 0.840570
0.494225 0.798805
0.293871 0.597817
0.313437 0.615887
0.338529 0.625910
0.365682 0.626372
0.392480 0.622594
0.419018 0.616615
0.444997 0.608264
0.318519 0.600186
0.343918 0.602312
0.369453 0.601371
0.394618 0.598191
0.419587 0.593607
0.444105 0.588225
0.693258 0.598845
0.674718 0.616485
0.650352 0.626188
0.623852 0.626617
0.597743 0.622935
0.571945 0.617128
0.546796 0.608944
0.669666 0.600910
0.645058 0.602768
0.620333 0.601741
0.595930 0.598735
0.571709 0.594342
0.547936 0.589152
0.343686 0.532289
0.350655 0.527109
0.358551 0.522715
0.367304 0.519539
0.376664 0.517585
0.386295 0.516763
0.395904 0.517000
0.405310 0.518035
0.414681 0.519501
0.423703 0.521250
0.431472 0.523754
0.338505 0.537766
0.344929 0.544505
0.353333 0.549710
0.362699 0.553518
0.372750 0.555467
0.383169 0.555818
0.393635 0.554661
0.403759 0.551850
0.413072 0.547053
0.420919 0.540398
0.427261 0.532429
0.645045 0.533025
0.638451 0.527681
0.630858 0.523137
0.622350 0.519823
0.613176 0.517717
0.603696 0.516728
0.594192 0.516847
0.584895 0.517786
0.575638 0.519179
0.566713 0.520881
0.558978 0.523422
0.649853 0.538653
0.643636 0.545477
0.635356 0.550688
0.626042 0.554362
0.616052 0.556057
0.605752 0.556114
0.595439 0.554619
0.585539 0.551521
0.576497 0.546550
0.568938 0.539874
0.562890 0.531990
0.414997 0.310621
0.425688 0.313950
0.436379 0.317279
0.447166 0.320503
0.457465 0.324075
0.467850 0.327552
0.478439 0.328996
0.488823 0.326855
0.499248 0.324890
0.509537 0.327173
0.519781 0.329622
0.530004 0.328640
0.540240 0.325817
0.550260 0.322744
0.560474 0.319688
0.570446 0.316352
0.580419 0.313016
0.421013 0.309798
0.430886 0.310239
0.440759 0.310730
0.450631 0.311119
0.460499 0.311253
0.470404 0.310899
0.480311 0.310203
0.490206 0.309574
0.500074 0.309421
0.509304 0.309980
0.518503 0.310973
0.527706 0.311998
0.536947 0.312652
0.546279 0.312778
0.555645 0.312606
0.565025 0.312314
0.574398 0.312082
0.430512 0.306802
0.439953 0.303723
0.449510 0.300810
0.459358 0.298314
0.469322 0.296120
0.479574 0.294098
0.489905 0.292674
0.500108 0.292275
0.509750 0.293122
0.519380 0.294907
0.528873 0.297226
0.538103 0.299674
0.547454 0.302444
0.556497 0.305583
0.565417 0.308869
0.421571 0.298816
0.428457 0.287109
0.437632 0.276826
0.447652 0.267922
0.459800 0.260303
0.472936 0.255641
0.487165 0.252603
0.501495 0.251580
0.515198 0.253093
0.528595 0.256483
0.540960 0.261466
0.552261 0.269518
0.561282 0.278795
0.569337 0.289320
0.575034 0.301126